MAE: 45399.6640625
MSE: 4319991296.0
RMSE: 65726.640625
MAPE: 25.35%
R^2: 0.6717897057533264
